100 0.000001
200 0.000001
300 0.000001
400 0.000001
500 0.000001
600 0.000001
700 0.000001
800 0.000002
900 0.000002
1000 0.000003
1100 0.000004
1200 0.000003
1300 0.000003
1400 0.000004
1500 0.000004
1600 0.000002
1700 0.000002
1800 0.000003
1900 0.000003
2000 0.000003
2100 0.000004
2200 0.000004
2300 0.000004
2400 0.000003
2500 0.000004
2600 0.000004
2700 0.000004
2800 0.000004
2900 0.000005
3000 0.000007
3100 0.000005
3200 0.000005
3300 0.000005
3400 0.000005
3500 0.000005
3600 0.000005
3700 0.000006
3800 0.000006
3900 0.000005
4000 0.000005
4100 0.000006
4200 0.000007
4300 0.000007
4400 0.000007
4500 0.000007
4600 0.000007
4700 0.000007
4800 0.000007
4900 0.000008
5000 0.000008
5100 0.000008
5200 0.000007
5300 0.000008
5400 0.000007
5500 0.000008
5600 0.000009
5700 0.000008
5800 0.000009
5900 0.000009
6000 0.000009
6100 0.000009
6200 0.000009
6300 0.000009
6400 0.000009
6500 0.000015
6600 0.000010
6700 0.000011
6800 0.000010
6900 0.000011
7000 0.000010
7100 0.000011
7200 0.000010
7300 0.000011
7400 0.000011
7500 0.000011
7600 0.000012
7700 0.000012
7800 0.000012
7900 0.000011
8000 0.000011
8100 0.000012
8200 0.000012
8300 0.000013
8400 0.000012
8500 0.000012
8600 0.000012
8700 0.000013
8800 0.000013
8900 0.000013
9000 0.000012
9100 0.000015
9200 0.000024
9300 0.000016
9400 0.000016
9500 0.000032
9600 0.000015
9700 0.000013
9800 0.000013
9900 0.000014
10000 0.000015
