100 0.000013
200 0.000041
300 0.000089
400 0.000156
500 0.000233
600 0.000344
700 0.000649
800 0.000955
900 0.000805
1000 0.008088
1100 0.002700
1200 0.001455
1300 0.001381
1400 0.001547
1500 0.001324
1600 0.001242
1700 0.001378
1800 0.002705
1900 0.001904
2000 0.003108
2100 0.002227
2200 0.004275
2300 0.004277
2400 0.003567
2500 0.003941
2600 0.004441
2700 0.003642
2800 0.005376
2900 0.005148
3000 0.006472
3100 0.006118
3200 0.007999
3300 0.006444
3400 0.006810
3500 0.007069
3600 0.006960
3700 0.007395
3800 0.007758
3900 0.009939
4000 0.010354
4100 0.008381
4200 0.009112
4300 0.009784
4400 0.009905
4500 0.012493
4600 0.012194
4700 0.010820
4800 0.011139
4900 0.012541
5000 0.012119
5100 0.013600
5200 0.014267
5300 0.014320
5400 0.014107
5500 0.014739
5600 0.015664
5700 0.017015
5800 0.016456
5900 0.017382
6000 0.018179
6100 0.018652
6200 0.020304
6300 0.021005
6400 0.019725
6500 0.023761
6600 0.021789
6700 0.021636
6800 0.025065
6900 0.023992
7000 0.025527
7100 0.024851
7200 0.026603
7300 0.025734
7400 0.029496
7500 0.027404
7600 0.028623
7700 0.031177
7800 0.029312
7900 0.031720
8000 0.031706
8100 0.033371
8200 0.037057
8300 0.035911
8400 0.034800
8500 0.036549
8600 0.036669
8700 0.037076
8800 0.038857
8900 0.038610
9000 0.060179
9100 0.055243
9200 0.059277
9300 0.045859
9400 0.044111
9500 0.045598
9600 0.046275
9700 0.046241
9800 0.049268
9900 0.049556
10000 0.047799
