100 0.000008
200 0.000026
300 0.000050
400 0.000102
500 0.000136
600 0.000228
700 0.000167
800 0.000234
900 0.000690
1000 0.000935
1100 0.000741
1200 0.000622
1300 0.000652
1400 0.000798
1500 0.001144
1600 0.000614
1700 0.000713
1800 0.000785
1900 0.001739
2000 0.000998
2100 0.001099
2200 0.001233
2300 0.001533
2400 0.001436
2500 0.001517
2600 0.001934
2700 0.001778
2800 0.002007
2900 0.002440
3000 0.002883
3100 0.002837
3200 0.002750
3300 0.002882
3400 0.003156
3500 0.003842
3600 0.003263
3700 0.003734
3800 0.003553
3900 0.005443
4000 0.003909
4100 0.004930
4200 0.004250
4300 0.004927
4400 0.005306
4500 0.005187
4600 0.005246
4700 0.006070
4800 0.005665
4900 0.005759
5000 0.007087
5100 0.006314
5200 0.007343
5300 0.006847
5400 0.007191
5500 0.007549
5600 0.008098
5700 0.008338
5800 0.009632
5900 0.008367
6000 0.009382
6100 0.010912
6200 0.012095
6300 0.009676
6400 0.010752
6500 0.011620
6600 0.012087
6700 0.010847
6800 0.011020
6900 0.011477
7000 0.012104
7100 0.012171
7200 0.013189
7300 0.013119
7400 0.013179
7500 0.015295
7600 0.015549
7700 0.014760
7800 0.014572
7900 0.015201
8000 0.015467
8100 0.015905
8200 0.017430
8300 0.016491
8400 0.016806
8500 0.018956
8600 0.017584
8700 0.018488
8800 0.018666
8900 0.019772
9000 0.020044
9100 0.035378
9200 0.028921
9300 0.026554
9400 0.023316
9500 0.022158
9600 0.021921
9700 0.023050
9800 0.024263
9900 0.023596
10000 0.026024
