100 0.000009
200 0.000047
300 0.000051
400 0.000087
500 0.000124
600 0.000159
700 0.000262
800 0.000302
900 0.000403
1000 0.000438
1100 0.000524
1200 0.000645
1300 0.000723
1400 0.000810
1500 0.000908
1600 0.001131
1700 0.001207
1800 0.001330
1900 0.001473
2000 0.001623
2100 0.001825
2200 0.001883
2300 0.002121
2400 0.002337
2500 0.002587
2600 0.002667
2700 0.002971
2800 0.003033
2900 0.003229
3000 0.003661
3100 0.003732
3200 0.003958
3300 0.004377
3400 0.004484
3500 0.004707
3600 0.004965
3700 0.005321
3800 0.005497
3900 0.005810
4000 0.006111
4100 0.006728
4200 0.006692
4300 0.007072
4400 0.007391
4500 0.007703
4600 0.008096
4700 0.008380
4800 0.008743
4900 0.009156
5000 0.009468
5100 0.010823
5200 0.010449
5300 0.010628
5400 0.010994
5500 0.011485
5600 0.012168
5700 0.012303
5800 0.012721
5900 0.013096
6000 0.013867
6100 0.014294
6200 0.014510
6300 0.014890
6400 0.015337
6500 0.016266
6600 0.016257
6700 0.016982
6800 0.017345
6900 0.017942
7000 0.018276
7100 0.018983
7200 0.019835
7300 0.019948
7400 0.020433
7500 0.021118
7600 0.024791
7700 0.022319
7800 0.022864
7900 0.023328
8000 0.024084
8100 0.024868
8200 0.025184
8300 0.025762
8400 0.026866
8500 0.027320
8600 0.027794
8700 0.028249
8800 0.030271
8900 0.029585
9000 0.030309
9100 0.030910
9200 0.031678
9300 0.032369
9400 0.033183
9500 0.034170
9600 0.034513
9700 0.036257
9800 0.036102
9900 0.039296
10000 0.037297
