100 0.000009
200 0.000022
300 0.000038
400 0.000077
500 0.000100
600 0.000134
700 0.000186
800 0.000260
900 0.000299
1000 0.000393
1100 0.000448
1200 0.000526
1300 0.000679
1400 0.000754
1500 0.000819
1600 0.000977
1700 0.001481
1800 0.001177
1900 0.002451
2000 0.001655
2100 0.001634
2200 0.001845
2300 0.002002
2400 0.002459
2500 0.002263
2600 0.002488
2700 0.002746
2800 0.002953
2900 0.003059
3000 0.003320
3100 0.003677
3200 0.003712
3300 0.004005
3400 0.004249
3500 0.004528
3600 0.004726
3700 0.004959
3800 0.005244
3900 0.005637
4000 0.005847
4100 0.006152
4200 0.006463
4300 0.006874
4400 0.007072
4500 0.007492
4600 0.007704
4700 0.008062
4800 0.008360
4900 0.008804
5000 0.009136
5100 0.010331
5200 0.010341
5300 0.010298
5400 0.010661
5500 0.011031
5600 0.011746
5700 0.013130
5800 0.013179
5900 0.012812
6000 0.013110
6100 0.013693
6200 0.014224
6300 0.014610
6400 0.016339
6500 0.015401
6600 0.016135
6700 0.016363
6800 0.016879
6900 0.017402
7000 0.019911
7100 0.018579
7200 0.018848
7300 0.019448
7400 0.019968
7500 0.021625
7600 0.021240
7700 0.021816
7800 0.022248
7900 0.022779
8000 0.023327
8100 0.024584
8200 0.024538
8300 0.025380
8400 0.025942
8500 0.027126
8600 0.028867
8700 0.028895
8800 0.028341
8900 0.029037
9000 0.029529
9100 0.030171
9200 0.031176
9300 0.031775
9400 0.032500
9500 0.033008
9600 0.033721
9700 0.035040
9800 0.035190
9900 0.036899
10000 0.036591
