100 0.000008
200 0.000025
300 0.000060
400 0.000131
500 0.000160
600 0.000211
700 0.000320
800 0.000457
900 0.000477
1000 0.000582
1100 0.000782
1200 0.000796
1300 0.000980
1400 0.001040
1500 0.001383
1600 0.001439
1700 0.001616
1800 0.001790
1900 0.002212
2000 0.002266
2100 0.001976
2200 0.002531
2300 0.002826
2400 0.002761
2500 0.003382
2600 0.003609
2700 0.004073
2800 0.004652
2900 0.003722
3000 0.004883
3100 0.005142
3200 0.005150
3300 0.005479
3400 0.005068
3500 0.006162
3600 0.006140
3700 0.007005
3800 0.007249
3900 0.007238
4000 0.008294
4100 0.007644
4200 0.008038
4300 0.009886
4400 0.009627
4500 0.010007
4600 0.012434
4700 0.010323
4800 0.011893
4900 0.011242
5000 0.011659
5100 0.012827
5200 0.012587
5300 0.013602
5400 0.013705
5500 0.018525
5600 0.015661
5700 0.017415
5800 0.017896
5900 0.017052
6000 0.017123
6100 0.016671
6200 0.018834
6300 0.018044
6400 0.021417
6500 0.021277
6600 0.027741
6700 0.020986
6800 0.022294
6900 0.023808
7000 0.024081
7100 0.025998
7200 0.025707
7300 0.025727
7400 0.026844
7500 0.027229
7600 0.028287
7700 0.029408
7800 0.030244
7900 0.030831
8000 0.031070
8100 0.032655
8200 0.034741
8300 0.034767
8400 0.037915
8500 0.036534
8600 0.038000
8700 0.041525
8800 0.041995
8900 0.043239
9000 0.043851
9100 0.044860
9200 0.047588
9300 0.049378
9400 0.048941
9500 0.051057
9600 0.053761
9700 0.055164
9800 0.055780
9900 0.059698
10000 0.061027
