100 0.000007
200 0.000031
300 0.000066
400 0.000080
500 0.000149
600 0.000285
700 0.000197
800 0.000255
900 0.000374
1000 0.000406
1100 0.000479
1200 0.000569
1300 0.000682
1400 0.000972
1500 0.000886
1600 0.001071
1700 0.001180
1800 0.001274
1900 0.001418
2000 0.001589
2100 0.001749
2200 0.001972
2300 0.002120
2400 0.002259
2500 0.002486
2600 0.002716
2700 0.003019
2800 0.003306
2900 0.003325
3000 0.003541
3100 0.003827
3200 0.004142
3300 0.004336
3400 0.004574
3500 0.004833
3600 0.005308
3700 0.005453
3800 0.006287
3900 0.006016
4000 0.006353
4100 0.006637
4200 0.006927
4300 0.007400
4400 0.007632
4500 0.007970
4600 0.008493
4700 0.008633
4800 0.009044
4900 0.009543
5000 0.010016
5100 0.010222
5200 0.010684
5300 0.011218
5400 0.011650
5500 0.012401
5600 0.012309
5700 0.012785
5800 0.013314
5900 0.013737
6000 0.014191
6100 0.014717
6200 0.015246
6300 0.015640
6400 0.016210
6500 0.017189
6600 0.017300
6700 0.017802
6800 0.018500
6900 0.018974
7000 0.019451
7100 0.021100
7200 0.020700
7300 0.021335
7400 0.022379
7500 0.024380
7600 0.023447
7700 0.023482
7800 0.027625
7900 0.024926
8000 0.042469
8100 0.027744
8200 0.026689
8300 0.027192
8400 0.027922
8500 0.028465
8600 0.029285
8700 0.030639
8800 0.030829
8900 0.031291
9000 0.032180
9100 0.032738
9200 0.033429
9300 0.034225
9400 0.035015
9500 0.037078
9600 0.036735
9700 0.037178
9800 0.037945
9900 0.038861
10000 0.039553
