100 0.000024
200 0.000102
300 0.000188
400 0.000254
500 0.000371
600 0.000598
700 0.000633
800 0.000660
900 0.001014
1000 0.001002
1100 0.001190
1200 0.001412
1300 0.001800
1400 0.002616
1500 0.002258
1600 0.002965
1700 0.003104
1800 0.003254
1900 0.003898
2000 0.003937
2100 0.004320
2200 0.004711
2300 0.006563
2400 0.005509
2500 0.006056
2600 0.006604
2700 0.006979
2800 0.007436
2900 0.008131
3000 0.008599
3100 0.009004
3200 0.010236
3300 0.010163
3400 0.010837
3500 0.011441
3600 0.012200
3700 0.012580
3800 0.013497
3900 0.013966
4000 0.014823
4100 0.015478
4200 0.016948
4300 0.016863
4400 0.017809
4500 0.018448
4600 0.019444
4700 0.020061
4800 0.020854
4900 0.021674
5000 0.022919
5100 0.023531
5200 0.025328
5300 0.026182
5400 0.026799
5500 0.027334
5600 0.028338
5700 0.029566
5800 0.030521
5900 0.031472
6000 0.032738
6100 0.034485
6200 0.034877
6300 0.036074
6400 0.036986
6500 0.038266
6600 0.039427
6700 0.040428
6800 0.041723
6900 0.043010
7000 0.044511
7100 0.045437
7200 0.048900
7300 0.048001
7400 0.049072
7500 0.054399
7600 0.053949
7700 0.053686
7800 0.054602
7900 0.057874
8000 0.058052
8100 0.085055
8200 0.060793
8300 0.062623
8400 0.063451
8500 0.071265
8600 0.066941
8700 0.082999
8800 0.069607
8900 0.072355
9000 0.074966
9100 0.075685
9200 0.076172
9300 0.079037
9400 0.080878
9500 0.081983
9600 0.084176
9700 0.085666
9800 0.088528
9900 0.090219
10000 0.091633
