100 0.000016
200 0.000071
300 0.000171
400 0.000190
500 0.000307
600 0.000796
700 0.000528
800 0.000685
900 0.000808
1000 0.000950
1100 0.001155
1200 0.001528
1300 0.001610
1400 0.002009
1500 0.002113
1600 0.002455
1700 0.002721
1800 0.003107
1900 0.003417
2000 0.003800
2100 0.004166
2200 0.004583
2300 0.005938
2400 0.005507
2500 0.005890
2600 0.006434
2700 0.006875
2800 0.007370
2900 0.007893
3000 0.008462
3100 0.009303
3200 0.010149
3300 0.010196
3400 0.010928
3500 0.011541
3600 0.012123
3700 0.012810
3800 0.013623
3900 0.014255
4000 0.015017
4100 0.015998
4200 0.016548
4300 0.017389
4400 0.018118
4500 0.019838
4600 0.019873
4700 0.020675
4800 0.022204
4900 0.022409
5000 0.023498
5100 0.024375
5200 0.025285
5300 0.026371
5400 0.027353
5500 0.028749
5600 0.029506
5700 0.030544
5800 0.031641
5900 0.032907
6000 0.034318
6100 0.034993
6200 0.036088
6300 0.037174
6400 0.038476
6500 0.039670
6600 0.041466
6700 0.042046
6800 0.043195
6900 0.044766
7000 0.045867
7100 0.048122
7200 0.050598
7300 0.051373
7400 0.051503
7500 0.054600
7600 0.053823
7700 0.055525
7800 0.089760
7900 0.058635
8000 0.064655
8100 0.061662
8200 0.063232
8300 0.065451
8400 0.065754
8500 0.068087
8600 0.068701
8700 0.071241
8800 0.072421
8900 0.074026
9000 0.076389
9100 0.077398
9200 0.079087
9300 0.083425
9400 0.082437
9500 0.084960
9600 0.085871
9700 0.089769
9800 0.090276
9900 0.091411
10000 0.093834
